// table generated by BarnCalcs
// A=29.996000, B=30.395000, S=14.070000
// 10560 steps/rev, 7.874016 threads/cm
// interval: 256 steps
// runtime: 60.013730 minutes
const PROGMEM uint8_t offset_table[542] = { 9,4,13,4,15,5,12,5,6,7,4,11,4,25,5,10,7,6,11,4,29,5,8,5,4,7,4,13,4,13,5,12,7,6,7,4,39,5,6,7,4,9,4,25,5,8,7,6,13,4,19,5,10,7,6,11,4,23,5,8,7,6,13,4,17,5,10,7,6,15,4,13,5,10,5,4,7,4,37,5,6,9,4,33,5,6,7,4,17,2,15,5,6,7,6,39,7,6,13,4,15,5,10,7,4,9,4,21,5,8,9,4,37,7,6,13,4,9,5,12,7,6,37,5,6,11,4,21,5,6,7,6,33,5,6,11,4,21,5,8,9,4,29,5,6,9,4,25,5,6,7,4,31,7,6,11,4,13,5,10,9,4,31,7,6,37,7,4,15,4,3,5,10,5,4,9,4,19,5,6,7,4,33,7,4,13,4,5,5,10,7,6,29,5,6,11,4,15,5,8,9,4,25,7,6,11,4,9,5,10,7,4,29,5,6,35,7,6,27,5,6,11,4,11,5,10,9,4,21,5,6,9,4,21,7,6,11,4,7,5,10,7,4,29,7,4,31,5,4,13,4,3,5,12,9,4,21,5,6,11,4,11,5,8,7,4,25,7,6,27,7,6,29,7,4,29,7,6,23,5,4,7,4,19,5,6,9,4,13,5,8,9,4,15,5,8,13,4,7,5,8,7,4,23,7,6,25,7,6,27,7,4,27,7,4,27,7,4,25,7,6,23,7,6,25,7,4,27,7,6,19,5,6,33,11,4,11,5,8,13,4,3,5,10,9,4,15,5,6,11,4,7,5,8,9,4,15,5,6,31,9,4,15,5,6,31,7,4,19,5,4,9,4,9,5,8,31,7,4,19,7,6,21,5,6,25,7,4,25,9,4,17,7,6,21,7,6,21,7,4,25,7,4,19,7,6,19,5,6,25,7,4,21,7,6,17,7,6,23,7,4,21,7,4,21,7,6,15,5,6,29,11,4,5,5,8,9,4,11,5,6,27,9,4,13,7,6,21,5,4,25,7,4,15,5,6,25,9,4,13,7,6,21,7,4,21,9,4,13,5,6,23,7,4,19,5,4,23,9,4,13,5,4,11,4,3,5,6,7,4,11,5,6,27,11,4,5,5,6,9,4,9,5,6,25,11,4,5,5,8,27,29,27,9,4,7,5,8,23,7,4,15,7,6,15,5,4,27,25,7,4,13,5,4,25,9,4,7,5,6,27,17 };

const uint8_t first_update = 02;     // num intervals to first change
const uint16_t baseval = 5511 - 100; // start value - 100us pulse high time

